============================================================
训练日志 - 基于 ResNet18 + 大模型融合的垃圾分类系统
============================================================
类别数: 5 | Batch: 16 | Epochs: 50
训练集: 1912 张 | 验证集: 478 张
============================================================

 Epoch   Train Loss   Train Acc   Val Loss   Val Acc    Note
------  -----------  ----------  ---------  --------  ------
     1       1.4631      0.4571     1.1727    0.5753  [BEST]
     2       1.1639      0.5329     2.8200    0.4414  
     3       1.0829      0.5936     0.9922    0.6067  [BEST]
     4       1.0479      0.5769     0.8809    0.6736  [BEST]
     5       0.9633      0.6255     0.9820    0.6004  
     6       0.9530      0.6344     1.5364    0.5293  
     7       0.9176      0.6559     3.1948    0.4142  
     8       0.8911      0.6663     1.1882    0.6464  
     9       0.8506      0.6883     1.6832    0.5063  
    10       0.7963      0.6919     0.7048    0.7280  [BEST]
    11       0.8114      0.7076     0.7649    0.7280  
    12       0.7392      0.7212     0.7763    0.6862  
    13       0.7426      0.7296     0.7521    0.7322  [BEST]
    14       0.7223      0.7254     0.9226    0.6925  
    15       0.6707      0.7463     1.7142    0.4979  
    16       0.7066      0.7364     0.8163    0.6904  
    17       0.6942      0.7463     0.8740    0.6632  
    18       0.6495      0.7500     0.8593    0.7071  
    19       0.6046      0.7934     0.6958    0.7385  [BEST]
    20       0.6253      0.7547     0.7111    0.7364  
    21       0.5893      0.7824     0.5858    0.7615  [BEST]
    22       0.6030      0.7762     1.2404    0.5732  
    23       0.5930      0.7934     0.6304    0.7887  [BEST]
    24       0.5525      0.7845     0.8117    0.6967  
    25       0.5718      0.7960     0.6170    0.7699  
    26       0.5170      0.8060     1.0990    0.6172  
    27       0.5135      0.8112     0.7798    0.7092  
    28       0.5070      0.8169     0.6613    0.7531  
    29       0.5149      0.8054     0.6117    0.7678  
    30       0.4979      0.8023     0.7500    0.7385  
    31       0.4736      0.8243     0.6091    0.7720  
    32       0.4693      0.8206     0.5565    0.7741  
    33       0.4580      0.8337     0.6698    0.7594  
    34       0.4410      0.8452     0.4836    0.8410  [BEST]
    35       0.4143      0.8373     0.9214    0.7406  
    36       0.3858      0.8530     0.6003    0.7971  
    37       0.4485      0.8269     0.7298    0.7552  
    38       0.4096      0.8509     0.6061    0.8075  
    39       0.3948      0.8562     0.5223    0.8096  
    40       0.3727      0.8551     0.4711    0.8285  
    41       0.3653      0.8703     0.5140    0.8180  
    42       0.3622      0.8713     0.5003    0.8243  
    43       0.3271      0.8834     0.5036    0.8033  
    44       0.3626      0.8682     0.7249    0.7531  
    45       0.3357      0.8771     0.4931    0.8473  [BEST]
    46       0.3167      0.8839     1.1570    0.6946  
    47       0.3451      0.8745     0.8146    0.7615  
    48       0.2954      0.8839     0.6076    0.7950  
    49       0.3097      0.8776     0.7739    0.7469  
    50       0.2931      0.8876     0.6628    0.7845  
